.Random.seed <-
c(403L, 12L, -45804776L, 1251449467L, -175548391L, -561246040L, 
362500694L, 52289233L, -1429426557L, -796531438L, 363614372L, 
996216935L, -340532803L, -89707724L, 1455333530L, -1950292251L, 
-167374721L, -994850298L, 1228436880L, -600078285L, 1259530193L, 
-1385337472L, 1374920798L, -136523863L, -1518971301L, -1301583254L, 
-1735174388L, 1609572687L, -1169343995L, -1841936196L, 772596114L, 
-454690163L, -844535609L, -1238409810L, -364804088L, 2010487819L, 
226785513L, -1562077256L, -206049178L, 1029751041L, 1507006355L, 
-640849854L, 734085108L, -363488777L, -909095443L, 580263556L, 
803651754L, -22114795L, -134008145L, 2080655542L, 243664608L, 
-599623133L, 1786258753L, 1020254256L, -1244888498L, 339617465L, 
1686053579L, 2038846330L, 1258488444L, 1252832959L, -1040990315L, 
-1102448724L, -2051832446L, -41833635L, -993941929L, -1237551810L, 
-369236616L, 1327208027L, 1593237945L, -617012216L, 1294982838L, 
-1273590287L, 598459427L, 1242225778L, -2019754300L, -1794434937L, 
-2121630627L, 1776968276L, 999766138L, -1143170107L, 414952735L, 
-1834976090L, 682012208L, 774296787L, -381625615L, 800754208L, 
-1171919682L, 44398793L, 2051353211L, 530391114L, -54316884L, 
167651247L, 526914405L, -643823332L, -174231182L, 637620717L, 
122992167L, -981748146L, -1672455512L, -49203029L, 1570226633L, 
905514456L, 927374470L, 190005601L, -1479244557L, 1293962082L, 
32507348L, -169570089L, 1697088205L, -1177148828L, 586512458L, 
1439632821L, -1848258289L, -435737066L, 1017555136L, -1720541565L, 
-1282581855L, 2020478096L, 994723694L, -472923879L, 1969914283L, 
-984957030L, 2030538588L, 1378139743L, 119352885L, 2116718028L, 
-1081275102L, -1493846147L, 1450593399L, 378392990L, -1673336744L, 
-1857088069L, 95427417L, -1059911448L, -183269098L, -1257973103L, 
-1983572157L, -1605164462L, -1015356188L, -1345761497L, 1078471549L, 
-1256419724L, -1573285798L, -163493723L, 573774527L, 1462034758L, 
340989904L, -305315341L, -1030656751L, -15103680L, -1887512290L, 
1245224425L, -625930469L, -699344598L, -2022002100L, -1760014833L, 
491053381L, -1941255428L, 1586897234L, 1587644109L, -1990607225L, 
33196398L, -1708555448L, -1883588789L, 1786937001L, 643245048L, 
-93963482L, -889803711L, 1319935443L, 719769474L, 553468852L, 
1067186999L, -1651369427L, 1163287364L, -211177366L, 31853269L, 
-1483516817L, 542428534L, -860367200L, -1254698141L, -1676822527L, 
-2068495504L, -739661042L, 1471563129L, 1512972555L, -463281606L, 
1321285948L, -987228545L, -1838957099L, 891646956L, -135469758L, 
1240021661L, -1210198249L, 2125166206L, -69208520L, -643165925L, 
-148588935L, -1664961848L, -1475034378L, -912897231L, 1964899L, 
1716670770L, 80900740L, 943070919L, -914922083L, -1579880172L, 
-1293508678L, 1420220933L, 761146335L, 1703084646L, 1153302000L, 
-436647149L, -1526803279L, -435673248L, 448292094L, 1100981385L, 
490046395L, 718548362L, 1944005740L, 1518274031L, 1943559717L, 
519650012L, -1135808334L, 136463277L, -483936409L, -772799346L, 
-1865973400L, 323780971L, 1281635081L, -1493088308L, -968516768L, 
-1184723774L, 1611084328L, 816962988L, -431254724L, -2100134030L, 
1254428464L, 1025600548L, -2084416968L, -1892559142L, 869401488L, 
997343484L, 1712490900L, -431396030L, 161460736L, 28906556L, 
1175439952L, 701273250L, 1595381576L, 865314316L, 1130186460L, 
-854785966L, 1867022464L, -65920172L, -1005440024L, -657358086L, 
786100048L, 1779126316L, 838906228L, -539952494L, 1698337376L, 
-1301959540L, -1584210592L, 242958562L, 1521436840L, -859151668L, 
-289184260L, 1458862002L, 38764528L, 1362566596L, 710474072L, 
-327258758L, -1624216144L, 741841340L, 1860586068L, -618340926L, 
-123946208L, 230431676L, 589947984L, 521111522L, -1552553112L, 
-2065418420L, -285566212L, 937120498L, -1541988096L, 195806324L, 
-862389752L, -1728294470L, 1749572048L, -1697852436L, 1648416660L, 
-3296046L, 1460949088L, -959633076L, -961212640L, 1881657986L, 
308974056L, 1883845612L, 1070439996L, 1451213426L, -160544912L, 
-433446620L, 1688997432L, -403579494L, -1994623536L, 2102399420L, 
1454746260L, 2139936386L, 1073297856L, 745742140L, -1660549488L, 
-1732922590L, -687190520L, -1447536884L, -400253028L, 1873971218L, 
-1973357696L, -2057380076L, -928261848L, 1365420090L, 97675216L, 
-1960631700L, -2068384716L, 642718866L, 1240786272L, -1811541684L, 
2126565856L, 1052379042L, -1445466200L, 1406418060L, -1982899268L, 
-345751438L, -65006608L, 1791717444L, 1976128600L, 1527855162L, 
1956106352L, 456075836L, -256001260L, -1218457918L, 2131394272L, 
233223292L, 250781904L, -760310878L, -2105105880L, 1092705548L, 
683305916L, 1986686258L, 1008219328L, 1103855156L, -554985784L, 
1824788154L, -1556649840L, -1870812436L, 1005900372L, 130160274L, 
-9827552L, -557691956L, 614606048L, 424733378L, 1742397480L, 
-1514200148L, 1705394876L, -2087940622L, 757550640L, -661321820L, 
102942136L, 711149402L, 159295632L, -737197188L, 1787820820L, 
320389442L, -127642880L, 1983281084L, 632963920L, -1285575390L, 
76826184L, -482211828L, -950831012L, -1359134254L, 12329472L, 
-623150764L, 1927750888L, 1602485498L, 653721296L, 164918572L, 
-1789970188L, -1766089326L, -33484448L, -390967284L, 1433708256L, 
1463077474L, -1743288664L, -1996016052L, 204342140L, 629544242L, 
-250972560L, 247294788L, -755518504L, -1875398790L, -782218704L, 
-664724548L, -898645420L, -88349630L, -1545068384L, -460936516L, 
1127722448L, -456132766L, 1018784488L, -698911540L, -1538851332L, 
323742194L, 130401920L, 1934181876L, 759870088L, -616362182L, 
-954618032L, -1724662676L, -1452395116L, -747842478L, -2054366752L, 
-666096436L, 450500768L, -94389886L, 513575144L, -1135670548L, 
777811260L, 1908569202L, -1509913488L, 373961764L, -954728392L, 
-125373670L, 561849552L, -274906308L, -1891233900L, 735229826L, 
-1033019968L, 204313148L, 500373904L, -734748126L, 800718088L, 
589636236L, -44030180L, 2062342290L, -33257088L, 1345464852L, 
-672271576L, 686407226L, -394231344L, -88128148L, -1234691148L, 
-603239406L, 1405614560L, -963429428L, -1548486432L, 899559458L, 
478236540L, -686997078L, 1163348447L, 1190371177L, -498768002L, 
-919621780L, 1568576445L, 1285423239L, -1572389776L, -344049906L, 
1125100603L, 2092016413L, -536786486L, 427602664L, 1619473873L, 
858556355L, -934391612L, 1452003186L, -2082934201L, 606376465L, 
-287122538L, 291909364L, 302104709L, 336471503L, 1448931528L, 
-1044817562L, 1759689619L, 985195765L, -339979054L, 1942668064L, 
1877449481L, 1942297659L, 408387980L, -62482406L, -124836721L, 
1113238489L, 1227230318L, -1881968644L, -1683569299L, 576806679L, 
-1245921568L, 1471069374L, 1356757643L, -1064709875L, -1506699974L, 
1347458424L, 1658691361L, -1512818733L, -75456780L, 1245118338L, 
-668744169L, -678744863L, 979122726L, -786089180L, -839420971L, 
-172219521L, -986511848L, -341144266L, 725697475L, 655649285L, 
1820864930L, 815912336L, 730453305L, 155443691L, 1846387420L, 
-2061564150L, -258749953L, 235249737L, -1250858530L, 1170878860L, 
-994775715L, -858223257L, 698052240L, 16347310L, 276861275L, 
-1400470211L, -2006755414L, 2028204104L, -1105491855L, 984565219L, 
-741768988L, -451113966L, 1366722535L, -607981647L, 2116551158L, 
-1302254572L, -238251227L, -422968273L, 2004702696L, -182517050L, 
-1131992205L, 620041173L, 329956274L, -1473077888L, -161651351L, 
1715112411L, 2105749804L, 481751866L, -594915857L, -499419015L, 
-316628210L, -1955039524L, 1429325133L, -882829129L, -1540595136L, 
214915870L, -973127189L, 1636101485L, -709299238L, -1668999784L, 
379296769L, 983793075L, -1271143212L, 114356706L, 1500163191L, 
-2103823935L, -966284474L, 744748676L, -485203915L, 1015722015L, 
-1305381000L, -273346986L, -1697479965L, -1543986011L, 915352898L, 
1549040432L, -747692199L, -1371163445L, 673998140L, 189182314L, 
-1955226721L, 1612772905L, 282409150L, 1546437036L, 86441725L, 
809478727L, 895633712L, 688992846L, -616498565L, 558893533L, 
567468042L, 650518824L, -1151025263L, -1352109693L, -607809916L, 
475540658L, 1672678407L, 370333777L, 1940285398L, -1638652236L, 
